inherited fRelDoacoes: TfRelDoacoes
  Caption = 'Relat'#243'rio de Doa'#231#245'es Realizadas'
  ClientHeight = 122
  ClientWidth = 340
  ExplicitWidth = 346
  ExplicitHeight = 151
  PixelsPerInch = 96
  TextHeight = 16
  object lbPeriodo: TLabel [0]
    Left = 16
    Top = 8
    Width = 43
    Height = 16
    Caption = 'Periodo'
  end
  inherited Panel1: TPanel
    Left = 238
    Height = 122
    TabOrder = 2
  end
  object edData1: TDateTimePicker
    Left = 16
    Top = 30
    Width = 131
    Height = 24
    Date = 44996.000000000000000000
    Time = 0.917635960649931800
    TabOrder = 0
  end
  object edData2: TDateTimePicker
    Left = 16
    Top = 71
    Width = 131
    Height = 24
    Date = 44996.000000000000000000
    Time = 0.917635960649931800
    TabOrder = 1
  end
end
